| Leeftijd | Zvw | Wlz | Wmo | Jeugd |
| --- | --- | --- | --- | --- |
| 0 | 4430 | 5 | 0.7916931008283042 | 84.56284705799916 |
| 1 | 2654.9752939235245 | 11.324161860350486 | 0.9918166090198149 | 207.2718773936317 |
| 2 | 1495.274840894714 | 11.495807155020625 | 3.909881847160069 | 263.1642929679572 |
| 3 | 856.7216067224153 | 7.877440747774342 | 5.178538710613191 | 560.8435935162914 |
| 4 | 626.0677733252289 | 3.76767560954735 | 7.701081588922178 | 942.9613314259135 |
| 5 | 670.9947387315073 | 3.401232818447145 | 10.124400934932556 | 1065.1400042285527 |
| 6 | 858.3547364526354 | 11.053533805066955 | 15.347087539856098 | 928.3703433153802 |
| 7 | 1054.9999999999998 | 31 | 17.66554483285695 | 982.201137867517 |
| 8 | 1155.7800950607543 | 66.1417763604785 | 20.08924624431604 | 1157.049652393685 |
| 9 | 1167.5339160251306 | 113.88290195029062 | 22.027726132961398 | 1312.4138746739152 |
| 10 | 1125.0976894591297 | 170.25313935986344 | 19.74176894615028 | 1422.8388082616066 |
| 11 | 1063.3076419287527 | 231.2822511796242 | 21.19062912105128 | 1440.8172407636607 |
| 12 | 1017 | 293 | 20.65609764182919 | 1409.4540085955182 |
| 13 | 1012.6192638053478 | 352.2924684932095 | 18.26582439743263 | 1517.3893480864208 |
| 14 | 1043.0430277431715 | 409.4710196586377 | 21.54724941410348 | 1798.2313353456336 |
| 15 | 1092.7571597783212 | 465.7033365774612 | 18.328925134670804 | 1937.9737615089664 |
| 16 | 1146.2475278756474 | 522.1571023308564 | 20.372394072395252 | 2156.387076811008 |
| 17 | 1188 | 580 | 21.517200288132624 | 2289.339616462965 |
| 18 | 1206.8388497178541 | 639.5843496666835 | 163.52315456121252 | 1452.64773892005 |
| 19 | 1208.9419730021832 | 698.0010194151585 | 456.249670761028 | 372.83564325730833 |
| 20 | 1204.8256714275851 | 751.5255143302918 | 529.2882226345776 | 183.1956912956289 |
| 21 | 1205.006246568658 | 796.43333949695 | 560.828697537742 | 70.11029133051484 |
| 22 | 1220 | 829 | 545.2271353364433 | 20.640699924784986 |
| 23 | 1257.5773373232355 | 846.5941328400568 | 516.8172785441087 | 0 |
| 24 | 1314.5250802480957 | 850.9569026807285 | 433.59809695959314 | 0 |
| 25 | 1384.8841545113382 | 844.9226061013719 | 385.7961239063493 | 0 |
| 26 | 1462.6954858497204 | 831.3255396813436 | 337.799233033161 | 0 |
| 27 | 1542 | 813 | 293.2635649309593 | 0 |
| 28 | 1617.2198009892036 | 792.4151189730896 | 295.1783741055817 | 0 |
| 29 | 1684.3017060054337 | 770.5793698619277 | 259.9673133060866 | 0 |
| 30 | 1739.573710527062 | 748.1360612642209 | 237.54204028867858 | 0 |
| 31 | 1779.3638100324604 | 725.728501777676 | 235.58769353322785 | 0 |
| 32 | 1800 | 704 | 230.37733557229004 | 0 |
| 33 | 1799.47145871995 | 683.5133912675846 | 224.34018336347748 | 0 |
| 34 | 1782.412095730169 | 664.5096178715609 | 214.05502434849294 | 0 |
| 35 | 1755.1170033804133 | 647.1491488417448 | 229.30592412906284 | 0 |
| 36 | 1723.8812740204382 | 631.5924532079525 | 210.92392527377947 | 0 |
| 37 | 1695 | 618 | 220.9169337164123 | 0 |
| 38 | 1673.782364130996 | 606.4993159565721 | 220.10046968426275 | 0 |
| 39 | 1661.5939110738896 | 597.086158651829 | 217.6131009179327 | 0 |
| 40 | 1658.814275951285 | 589.7233433687999 | 230.446274891169 | 0 |
| 41 | 1665.823093885787 | 584.3736853905139 | 238.7520508451663 | 0 |
| 42 | 1683 | 581 | 223.4728068221359 | 0 |
| 43 | 1710.4470847560656 | 579.6093449061271 | 231.1747265410157 | 0 |
| 44 | 1747.1562599742724 | 580.3857475211231 | 228.22434426586653 | 0 |
| 45 | 1791.8418928144467 | 583.5574776830556 | 240.84637335389402 | 0 |
| 46 | 1843.2183504364139 | 589.352805229992 | 226.45011446273546 | 0 |
| 47 | 1900 | 598 | 221.58545074032986 | 0 |
| 48 | 1961.1732968447418 | 609.5993044189194 | 225.40195445703856 | 0 |
| 49 | 2026.8130490290205 | 623.7388512636784 | 225.65008602774503 | 0 |
| 50 | 2097.266152790928 | 639.8787458989779 | 226.5616138173069 | 0 |
| 51 | 2172.8795043685573 | 657.4790936895181 | 226.9022521800561 | 0 |
| 52 | 2254 | 676 | 236.88733106215238 | 0 |
| 53 | 2341.0037278649675 | 694.9454374181955 | 245.21407975498516 | 0 |
| 54 | 2434.3835439096456 | 713.9948474241633 | 227.98945483552154 | 0 |
| 55 | 2534.6614960218403 | 732.8715387210332 | 238.38804512000402 | 0 |
| 56 | 2642.3596320893566 | 751.2988200119354 | 234.31049608207366 | 0 |
| 57 | 2758 | 769 | 241.39747984247757 | 0 |
| 58 | 2881.843791695389 | 785.9549459082986 | 244.76779238131522 | 0 |
| 59 | 3013.108775332397 | 803.1697590396686 | 243.1129505753875 | 0 |
| 60 | 3150.75186312171 | 821.9070992168895 | 252.8015479448242 | 0 |
| 61 | 3293.7299672740155 | 843.4296262627403 | 247.8645269329318 | 0 |
| 62 | 3441 | 869 | 271.24922757686744 | 0 |
| 63 | 3591.7331053534767 | 899.4427789486103 | 261.5074569192862 | 0 |
| 64 | 3745.957354760767 | 933.8301164171621 | 270.4136247522 | 0 |
| 65 | 3903.915051491319 | 970.7960644114088 | 268.04923725499634 | 0 |
| 66 | 4065.8484988145806 | 1008.9746749371036 | 280.98666837825004 | 0 |
| 67 | 4232 | 1047 | 288.9927159337358 | 0 |
| 68 | 4403.471786890704 | 1085.2659382972602 | 298.93895822685306 | 0 |
| 69 | 4584.805805624535 | 1131.2057752916828 | 295.1676529123644 | 0 |
| 70 | 4781.403930913014 | 1194.0126431374754 | 319.82985319067393 | 0 |
| 71 | 4998.668037467662 | 1282.8796739888453 | 324.9587530237959 | 0 |
| 72 | 5242 | 1407 | 333.66053984579173 | 0 |
| 73 | 5514.195747083707 | 1574.3254678623487 | 367.24495466433706 | 0 |
| 74 | 5807.627422741093 | 1787.8427824161063 | 393.86092663106933 | 0 |
| 75 | 6112.061224856625 | 2049.2973630386896 | 417.94977271741817 | 0 |
| 76 | 6417.263351314772 | 2360.4346291075153 | 558.8096559257167 | 0 |
| 77 | 6713 | 2723 | 548.4547332376238 | 0 |
| 78 | 6992.873224774467 | 3143.232190253345 | 630.1356738829448 | 0 |
| 79 | 7265.828503411093 | 3645.343095043892 | 690.6637186688004 | 0 |
| 80 | 7544.647169660485 | 4258.037904707766 | 782.4817472984305 | 0 |
| 81 | 7842.11055727325 | 5010.021809581093 | 859.7835998946512 | 0 |
| 82 | 8171 | 5930 | 972.3238145905618 | 0 |
| 83 | 8540.151353818423 | 7041.01777112427 | 1036.8052526392853 | 0 |
| 84 | 8942.618563614535 | 8343.480837408326 | 1143.589440084798 | 0 |
| 85 | 9367.510096501435 | 9832.135018130248 | 1222.6769118477193 | 0 |
| 86 | 9803.934419592226 | 11501.72613256811 | 1330.8934989598756 | 0 |
| 87 | 10241 | 13347 | 1404.823266126601 | 0 |
| 88 | 10668.753359951843 | 15359.840725249573 | 1500.2853346796003 | 0 |
| 89 | 11080.993242130768 | 17520.685555322805 | 1527.6297003460343 | 0 |
| 90 | 11472.45644433377 | 19807.110022771252 | 1584.565220788116 | 0 |
| 91 | 11837.87976435785 | 22196.68966014646 | 1602.082671709412 | 0 |
| 92 | 12172 | 24667 | 1691.1847315428952 | 0 |
| 93 | 12469.368107949735 | 27196.183518313064 | 1675.9858428561088 | 0 |
| 94 | 12723.791680466611 | 29764.650464785456 | 1683.665711178349 | 0 |
| 95 | 12928.892468702705 | 32353.37803254663 | 1632.6041874709535 | 0 |
| 96 | 13078.292223810091 | 34943.343414726034 | 1749.9272573493122 | 0 |
| 97 | 13165.61269694084 | 37515.52380445312 | 1541.7164828336186 | 0 |
| 98 | 13184.475639247028 | 40050.896394857344 | 1612.2026645435403 | 0 |
| 99 en ouder | 13128.502801880728 | 42530.438379068146 | 1610.3192663874731 | 0 |
